make worthy